# Created by Octave 7.1.0, Sat Sep 28 19:16:13 2024 GMT <unknown@DESKTOP-LMJ5G1R>
# name: SOS
# type: matrix
# rows: 3
# columns: 6
 0.00012044276552320411 0.00024088614702277451 0.00012044338150272061 1 -1.8991886908811022 0.90277707520710537
 1 -2.0000049663886692 1.0000049664133346 1 -1.9065733894940355 0.9213473640979859
 1 -1.4787754720746449e-07 -0.99998991937052073 1 -1.9791920501489901 0.98010587973845498


