# Created by Octave 7.1.0, Sat Sep 28 19:16:13 2024 GMT <unknown@DESKTOP-LMJ5G1R>
# name: SOS
# type: matrix
# rows: 2
# columns: 6
 2.2564574477494834e-05 4.5129031149237047e-05 2.2564456672357237e-05 1 -1.9408228439711848 0.94404642946207562
 1 1.000005220827576 -0 1 -0.94400130031277318 0


