# Created by Octave 7.1.0, Sat Sep 21 23:08:47 2024 GMT <unknown@DESKTOP-LMJ5G1R>
# name: SOS
# type: matrix
# rows: 2
# columns: 6
 0.9244465617731541 -1.8488882933267354 0.92444173157881804 1 -1.918570032544294 0.92450263188812298
 1 -1.0000052249851679 0 1 -0.92439049165818377 0


