# Created by Octave 6.4.0, Tue Oct 08 18:59:37 2024 CST <tobi@tobi>
# name: SOS
# type: matrix
# rows: 2
# columns: 6
 0.71820669168767115 -1.4330911158834587 0.71820669168769058 1 -1.6251693593947241 0.72164650118127138
 1 -0.99999999999997202 0 1 -0.71476688219407125 0


