# Created by Octave 7.1.0, Sat Sep 21 23:08:47 2024 GMT <unknown@DESKTOP-LMJ5G1R>
# name: SOS
# type: matrix
# rows: 2
# columns: 6
 1.1406870923918342e-05 2.2813666812416064e-05 1.1406795888991316e-05 1 -1.968701419286548 0.97195234333885239
 1 1.000006578089738 -0 1 -0.97192952959778245 0


