# Created by Octave 7.1.0, Sat Sep 21 23:08:47 2024 GMT <unknown@DESKTOP-LMJ5G1R>
# name: SOS
# type: matrix
# rows: 2
# columns: 6
 0.71820669168767115 -1.4330911158834587 0.71820669168769058 1 -1.6251693593947241 0.72164650118127138
 1 -0.99999999999997202 0 1 -0.71476688219407125 0


