# Created by Octave 7.1.0, Sat Sep 21 23:08:47 2024 GMT <unknown@DESKTOP-LMJ5G1R>
# name: SOS
# type: matrix
# rows: 3
# columns: 6
 0.88158824221862009 -1.7597179765520219 0.8814492999633935 1 -1.9430494462300449 0.95948029987880168
 1 -1.9962108306677326 0.99999393137229808 1 -1.9898927320838049 0.99073493954910341
 1 -1.9963970109785492 1.0001636989427887 1 -1.8091675321021827 0.81258582784918432


