# Created by Octave 7.1.0, Sat Sep 28 19:16:13 2024 GMT <unknown@DESKTOP-LMJ5G1R>
# name: SOS
# type: matrix
# rows: 2
# columns: 6
 0.14356015426441104 -0.28648568641495947 0.14356015426441091 1 -1.9836985970769891 0.98794101713830251
 1 1.0000000000000004 -0 1 -0.70082070860948686 0


