# Created by Octave 7.1.0, Sat Sep 21 23:08:47 2024 GMT <unknown@DESKTOP-LMJ5G1R>
# name: SOS
# type: matrix
# rows: 2
# columns: 6
 0.00091072970362859114 -0.0017743214265468561 0.00091072970362858952 1 -1.9697223754124538 0.97299256543463608
 1 1.0000000000000004 -0 1 -0.97117110602685708 0


