# Created by Octave 7.1.0, Sat Sep 21 23:08:47 2024 GMT <unknown@DESKTOP-LMJ5G1R>
# name: SOS
# type: matrix
# rows: 3
# columns: 6
 0.0016221862705300164 -0.0029757240391930996 0.0016221862705301138 1 -1.9447984165831651 0.96120972221045253
 1 -1.9999175015330592 0.99999999986500598 1 -1.9457516271454325 0.94942798855547428
 1 -1.3493495210070705e-10 -1.0000000001349327 1 -1.990273986548398 0.99111811090403457


