# Created by Octave 7.1.0, Sat Sep 21 23:08:47 2024 GMT <unknown@DESKTOP-LMJ5G1R>
# name: SOS
# type: matrix
# rows: 2
# columns: 6
 0.90984938904383406 -1.81934319711723 0.909849389043352 1 -1.9572984976309038 0.96335343819540142
 1 -1.0000000000005271 0 1 -0.85634533989227102 0


